# Per thousand episode average Return:
# No. of thousand episodes | Average Return
1 462
2 503
3 487
4 494
5 504
6 486
7 494
8 513
9 489
10 523
11 479
12 495
13 490
14 495
15 490
16 487
17 505
18 492
19 476
20 478
21 533
22 493
23 488
24 489
25 501
26 518
27 467
28 480
29 505
30 474
31 477
32 455
33 524
34 502
35 471
36 512
37 506
38 490
39 490
40 488
41 521
42 472
43 540
44 458
45 456
46 519
47 509
48 492
49 502
50 519
51 492
52 497
53 484
54 468
55 468
56 489
57 469
58 501
59 470
60 459
61 501
62 461
63 474
64 477
65 508
66 486
67 484
68 489
69 485
70 523
71 488
72 478
73 507
74 486
75 486
76 517
77 490
78 485
79 475
80 528
81 484
82 436
83 510
84 472
85 481
86 478
87 503
88 480
89 511
90 469
91 509
92 479
93 485
94 503
95 468
96 499
97 531
98 513
99 492
100 481
101 475
102 462
103 499
104 484
105 504
106 485
107 491
108 484
109 497
110 483
111 486
112 475
113 480
114 495
115 446
116 473
117 449
118 500
119 495
120 507
121 485
122 487
123 486
124 453
125 496
126 473
127 471
128 476
129 509
130 472
131 492
132 492
133 479
134 475
135 493
136 480
137 482
138 489
139 503
140 492
141 480
142 495
143 468
144 469
145 472
146 508
147 476
148 495
149 463
150 494
151 472
152 470
153 498
154 450
155 469
156 468
157 481
158 464
159 504
160 466
161 479
162 494
163 520
164 443
165 509
166 498
167 478
168 523
169 485
170 478
171 490
172 460
173 490
174 460
175 494
176 506
177 449
178 475
179 482
180 461
181 467
182 471
183 500
184 502
185 472
186 503
187 502
188 509
189 471
190 476
191 478
192 473
193 511
194 468
195 476
196 484
197 497
198 460
199 471
200 450
201 457
202 466
203 456
204 465
205 477
206 478
207 495
208 495
209 459
210 472
211 504
212 448
213 447
214 467
215 477
216 456
217 453
218 489
219 477
220 483
221 454
222 457
223 483
224 480
225 465
226 473
227 496
228 474
229 463
230 457
231 469
232 469
233 481
234 487
235 478
236 469
237 450
238 486
239 476
240 460
241 488
242 463
243 512
244 493
245 469
246 496
247 484
248 475
249 471
250 507
251 443
252 474
253 452
254 505
255 499
256 483
257 483
258 459
259 477
260 463
261 459
262 456
263 542
264 499
265 481
266 500
267 480
268 475
269 490
270 450
271 483
272 481
273 465
274 476
275 464
276 494
277 465
278 491
279 450
280 497
281 468
282 504
283 486
284 465
285 465
286 474
287 470
288 466
289 448
290 444
291 476
292 458
293 490
294 472
295 487
296 448
297 507
298 480
299 461
300 478
301 474
302 464
303 455
304 486
305 480
306 470
307 445
308 451
309 480
310 495
311 484
312 497
313 450
314 455
315 467
316 498
317 454
318 481
319 464
320 495
321 500
322 473
323 471
324 449
325 482
326 485
327 472
328 495
329 479
330 480
331 480
332 482
333 476
334 464
335 490
336 486
337 466
338 511
339 467
340 464
341 485
342 494
343 467
344 472
345 508
346 439
347 467
348 476
349 458
350 468
351 444
352 488
353 468
354 480
355 462
356 486
357 503
358 478
359 482
360 490
361 504
362 450
363 440
364 484
365 448
366 479
367 447
368 464
369 477
370 493
371 459
372 499
373 466
374 494
375 481
376 476
377 479
378 473
379 472
380 484
381 513
382 473
383 480
384 463
385 461
386 451
387 456
388 457
389 469
390 475
391 479
392 470
393 471
394 478
395 499
396 456
397 482
398 471
399 479
400 469
401 466
402 497
403 498
404 482
405 466
406 477
407 461
408 481
409 483
410 481
411 517
412 448
413 454
414 480
415 463
416 476
417 499
418 453
419 437
420 482
421 495
422 480
423 487
424 452
425 515
426 465
427 478
428 473
429 479
430 483
431 478
432 483
433 469
434 460
435 464
436 471
437 456
438 490
439 481
440 474
441 447
442 451
443 480
444 493
445 467
446 450
447 493
448 486
449 463
450 459
451 470
452 452
453 478
454 478
455 483
456 467
457 464
458 426
459 458
460 473
461 451
462 474
463 468
464 478
465 476
466 460
467 474
468 455
469 464
470 485
471 466
472 478
473 449
474 472
475 481
476 464
477 481
478 470
479 467
480 471
481 473
482 459
483 458
484 457
485 452
486 456
487 498
488 453
489 481
490 480
491 466
492 467
493 445
494 451
495 478
496 453
497 457
498 446
499 466
500 485
501 479
502 488
503 478
504 506
505 454
506 485
507 462
508 447
509 469
510 457
511 472
512 471
513 488
514 456
515 461
516 479
517 457
518 465
519 443
520 465
521 485
522 438
523 474
524 494
525 497
526 464
527 500
528 463
529 463
530 437
531 460
532 434
533 476
534 488
535 465
536 452
537 483
538 479
539 460
540 457
541 466
542 453
543 473
544 467
545 429
546 464
547 417
548 511
549 461
550 441
551 451
552 470
553 452
554 475
555 476
556 487
557 472
558 495
559 467
560 462
561 447
562 452
563 473
564 464
565 464
566 479
567 483
568 470
569 463
570 467
571 462
572 466
573 461
574 465
575 493
576 475
577 467
578 448
579 461
580 455
581 466
582 497
583 438
584 456
585 474
586 437
587 476
588 460
589 477
590 428
591 463
592 498
593 476
594 449
595 476
596 469
597 457
598 459
599 469
600 467
601 438
602 450
603 460
604 492
605 447
606 463
607 467
608 492
609 454
610 461
611 477
612 482
613 437
614 470
615 489
616 456
617 438
618 441
619 452
620 480
621 482
622 476
623 448
624 443
625 436
626 453
627 454
628 461
629 473
630 462
631 442
632 470
633 445
634 474
635 461
636 468
637 481
638 468
639 453
640 447
641 451
642 474
643 462
644 470
645 477
646 460
647 469
648 469
649 472
650 447
651 453
652 477
653 482
654 432
655 462
656 483
657 454
658 450
659 454
660 486
661 471
662 478
663 452
664 452
665 455
666 480
667 472
668 460
669 460
670 448
671 475
672 450
673 457
674 449
675 445
676 454
677 449
678 458
679 484
680 477
681 444
682 461
683 433
684 468
685 480
686 464
687 450
688 422
689 465
690 449
691 470
692 487
693 487
694 444
695 498
696 462
697 475
698 482
699 409
700 442
701 454
702 468
703 448
704 459
705 467
706 448
707 478
708 461
709 456
710 455
711 469
712 450
713 439
714 477
715 475
716 429
717 417
718 454
719 457
720 444
721 422
722 504
723 474
724 454
725 445
726 462
727 462
728 437
729 469
730 474
731 448
732 448
733 446
734 448
735 435
736 462
737 463
738 460
739 464
740 463
741 495
742 409
743 470
744 456
745 459
746 479
747 480
748 460
749 471
750 456
751 449
752 481
753 493
754 477
755 463
756 427
757 463
758 472
759 468
760 472
761 462
762 440
763 465
764 466
765 475
766 457
767 451
768 459
769 484
770 451
771 461
772 465
773 466
774 463
775 466
776 470
777 462
778 447
779 442
780 434
781 449
782 414
783 464
784 457
785 421
786 400
787 426
788 457
789 430
790 430
791 456
792 448
793 468
794 455
795 456
796 431
797 443
798 450
799 428
800 487
801 434
802 477
803 415
804 436
805 447
806 453
807 423
808 445
809 442
810 430
811 462
812 434
813 438
814 441
815 455
816 457
817 417
818 452
819 454
820 467
821 455
822 428
823 435
824 417
825 462
826 462
827 431
828 440
829 482
830 464
831 419
832 455
833 459
834 430
835 422
836 469
837 449
838 424
839 420
840 429
841 455
842 465
843 471
844 457
845 419
846 439
847 435
848 438
849 426
850 430
851 449
852 411
853 418
854 417
855 434
856 438
857 446
858 411
859 442
860 405
861 452
862 405
863 424
864 457
865 432
866 458
867 415
868 416
869 419
870 474
871 408
872 438
873 425
874 437
875 413
876 449
877 425
878 447
879 459
880 455
881 416
882 438
883 434
884 444
885 453
886 437
887 438
888 420
889 462
890 452
891 454
892 430
893 431
894 455
895 451
896 442
897 439
898 445
899 427
900 403
901 424
902 432
903 448
904 425
905 428
906 454
907 444
908 423
909 436
910 446
911 417
912 439
913 451
914 444
915 449
916 456
917 439
918 431
919 438
920 397
921 456
922 438
923 439
924 433
925 437
926 444
927 446
928 464
929 460
930 421
931 438
932 440
933 457
934 439
935 456
936 458
937 434
938 437
939 452
940 451
941 467
942 438
943 423
944 424
945 455
946 415
947 450
948 436
949 472
950 433
951 420
952 440
953 434
954 436
955 416
956 450
957 400
958 454
959 426
960 430
961 461
962 443
963 424
964 411
965 434
966 449
967 456
968 436
969 473
970 472
971 450
972 438
973 423
974 408
975 433
976 444
977 442
978 446
979 434
980 430
981 437
982 420
983 436
984 445
985 436
986 429
987 444
988 409
989 464
990 435
991 444
992 476
993 420
994 448
995 413
996 442
997 422
998 448
999 449
1000 409
1001 438
1002 427
1003 426
1004 438
1005 426
1006 406
1007 424
1008 436
1009 425
1010 441
1011 429
1012 440
1013 430
1014 440
1015 445
1016 449
1017 419
1018 429
1019 433
1020 432
1021 443
1022 470
1023 430
1024 438
1025 402
1026 445
1027 411
1028 446
1029 445
1030 433
1031 415
1032 428
1033 415
1034 395
1035 469
1036 422
1037 424
1038 444
1039 436
1040 439
1041 442
1042 413
1043 425
1044 432
1045 429
1046 460
1047 435
1048 436
1049 436
1050 434
1051 450
1052 412
1053 417
1054 444
1055 424
1056 407
1057 426
1058 436
1059 410
1060 417
1061 422
1062 405
1063 435
1064 402
1065 407
1066 426
1067 389
1068 409
1069 435
1070 447
1071 408
1072 436
1073 436
1074 406
1075 460
1076 418
1077 458
1078 431
1079 435
1080 418
1081 439
1082 411
1083 421
1084 422
1085 406
1086 430
1087 434
1088 444
1089 429
1090 435
1091 431
1092 417
1093 435
1094 432
1095 412
1096 400
1097 432
1098 406
1099 449
1100 443
1101 437
1102 429
1103 426
1104 430
1105 436
1106 420
1107 457
1108 422
1109 435
1110 428
1111 406
1112 405
1113 433
1114 465
1115 421
1116 420
1117 422
1118 437
1119 434
1120 419
1121 439
1122 439
1123 439
1124 438
1125 407
1126 420
1127 447
1128 441
1129 453
1130 451
1131 420
1132 443
1133 438
1134 416
1135 438
1136 433
1137 468
1138 481
1139 447
1140 428
1141 448
1142 457
1143 443
1144 459
1145 422
1146 433
1147 436
1148 425
1149 439
1150 432
1151 401
1152 435
1153 459
1154 456
1155 444
1156 459
1157 456
1158 443
1159 447
1160 416
1161 455
1162 426
1163 422
1164 427
1165 450
1166 412
1167 435
1168 421
1169 464
1170 450
1171 441
1172 451
1173 448
1174 423
1175 475
1176 440
1177 445
1178 457
1179 422
1180 428
1181 434
1182 422
1183 435
1184 466
1185 422
1186 434
1187 463
1188 447
1189 434
1190 434
1191 430
1192 438
1193 440
1194 438
1195 441
1196 431
1197 421
1198 410
1199 422
1200 431
1201 446
1202 445
1203 431
1204 442
1205 423
1206 457
1207 439
1208 426
1209 430
1210 419
1211 406
1212 434
1213 416
1214 451
1215 417
1216 411
1217 430
1218 436
1219 432
1220 451
1221 439
1222 410
1223 460
1224 433
1225 443
1226 428
1227 431
1228 421
1229 453
1230 435
1231 416
1232 442
1233 438
1234 457
1235 409
1236 418
1237 432
1238 430
1239 410
1240 426
1241 442
1242 416
1243 436
1244 408
1245 422
1246 453
1247 431
1248 424
1249 418
1250 433
1251 433
1252 431
1253 424
1254 397
1255 428
1256 432
1257 420
1258 393
1259 426
1260 435
1261 429
1262 400
1263 414
1264 446
1265 437
1266 446
1267 413
1268 424
1269 447
1270 420
1271 456
1272 420
1273 428
1274 460
1275 425
1276 413
1277 449
1278 455
1279 429
1280 407
1281 447
1282 418
1283 406
1284 426
1285 423
1286 444
1287 444
1288 463
1289 436
1290 435
1291 416
1292 423
1293 414
1294 395
1295 409
1296 394
1297 405
1298 405
1299 437
1300 470
1301 437
1302 441
1303 418
1304 434
1305 417
1306 433
1307 424
1308 436
1309 412
1310 428
1311 408
1312 421
1313 416
1314 427
1315 401
1316 467
1317 405
1318 424
1319 422
1320 428
1321 435
1322 411
1323 418
1324 433
1325 437
1326 437
1327 415
1328 437
1329 404
1330 447
1331 417
1332 435
1333 458
1334 406
1335 409
1336 417
1337 423
1338 447
1339 450
1340 420
1341 441
1342 446
1343 427
1344 413
1345 429
1346 441
1347 399
1348 446
1349 432
1350 439
1351 387
1352 431
1353 439
1354 458
1355 441
1356 425
1357 430
1358 406
1359 427
1360 390
1361 446
1362 444
1363 442
1364 428
1365 424
1366 451
1367 439
1368 427
1369 422
1370 442
1371 419
1372 432
1373 437
1374 405
1375 409
1376 430
1377 402
1378 410
1379 417
1380 426
1381 465
1382 408
1383 420
1384 448
1385 432
1386 430
1387 441
1388 421
1389 408
1390 428
1391 462
1392 432
1393 409
1394 416
1395 410
1396 422
1397 415
1398 432
1399 388
1400 435
1401 412
1402 448
1403 420
1404 441
1405 391
1406 402
1407 455
1408 421
1409 407
1410 409
1411 424
1412 426
1413 407
1414 423
1415 463
1416 461
1417 418
1418 434
1419 397
1420 424
1421 423
1422 432
1423 443
1424 424
1425 400
1426 402
1427 450
1428 425
1429 427
1430 418
1431 423
1432 420
1433 401
1434 432
1435 435
1436 434
1437 431
1438 455
1439 425
1440 431
1441 407
1442 426
1443 403
1444 444
1445 422
1446 400
1447 377
1448 441
1449 441
1450 395
1451 437
1452 436
1453 418
1454 392
1455 392
1456 448
1457 423
1458 424
1459 440
1460 434
1461 391
1462 430
1463 415
1464 444
1465 418
1466 405
1467 395
1468 411
1469 428
1470 421
1471 411
1472 388
1473 426
1474 393
1475 380
1476 392
1477 422
1478 413
1479 439
1480 428
1481 429
1482 441
1483 443
1484 399
1485 417
1486 440
1487 447
1488 395
1489 479
1490 426
1491 442
1492 423
1493 416
1494 369
1495 432
1496 430
1497 419
1498 441
1499 415
1500 425
1501 396
1502 422
1503 414
1504 405
1505 389
1506 414
1507 431
1508 431
1509 399
1510 403
1511 411
1512 442
1513 416
1514 418
1515 425
1516 406
1517 408
1518 408
1519 416
1520 412
1521 418
1522 407
1523 388
1524 423
1525 437
1526 459
1527 407
1528 391
1529 421
1530 431
1531 412
1532 419
1533 415
1534 419
1535 443
1536 427
1537 408
1538 408
1539 397
1540 440
1541 428
1542 386
1543 431
1544 431
1545 456
1546 421
1547 407
1548 397
1549 435
1550 392
1551 421
1552 423
1553 428
1554 427
1555 427
1556 406
1557 418
1558 391
1559 406
1560 433
1561 386
1562 422
1563 417
1564 424
1565 447
1566 441
1567 384
1568 417
1569 415
1570 440
1571 422
1572 400
1573 391
1574 410
1575 434
1576 406
1577 420
1578 422
1579 417
1580 431
1581 415
1582 414
1583 425
1584 419
1585 407
1586 424
1587 431
1588 426
1589 431
1590 427
1591 437
1592 436
1593 485
1594 428
1595 406
1596 413
1597 418
1598 405
1599 421
1600 443
1601 437
1602 448
1603 414
1604 446
1605 411
1606 421
1607 403
1608 420
1609 460
1610 429
1611 408
1612 477
1613 411
1614 409
1615 437
1616 428
1617 413
1618 426
1619 409
1620 426
1621 427
1622 433
1623 403
1624 411
1625 462
1626 426
1627 407
1628 410
1629 414
1630 404
1631 409
1632 396
1633 401
1634 413
1635 400
1636 414
1637 422
1638 400
1639 422
1640 428
1641 444
1642 393
1643 400
1644 417
1645 423
1646 423
1647 444
1648 454
1649 431
1650 377
1651 446
1652 417
1653 415
1654 425
1655 428
1656 424
1657 416
1658 403
1659 415
1660 414
1661 427
1662 411
1663 421
1664 426
1665 429
1666 435
1667 417
1668 431
1669 410
1670 369
1671 376
1672 389
1673 392
1674 378
1675 400
1676 409
1677 385
1678 405
1679 394
1680 399
1681 412
1682 418
1683 422
1684 389
1685 409
1686 386
1687 364
1688 368
1689 395
1690 383
1691 375
1692 373
1693 383
1694 398
1695 370
1696 422
1697 385
1698 402
1699 372
1700 369
1701 387
1702 376
1703 373
1704 398
1705 396
1706 367
1707 381
1708 408
1709 389
1710 381
1711 377
1712 410
1713 393
1714 393
1715 401
1716 399
1717 381
1718 371
1719 390
1720 390
1721 414
1722 375
1723 377
1724 378
1725 400
1726 378
1727 368
1728 398
1729 413
1730 406
1731 392
1732 404
1733 396
1734 357
1735 406
1736 408
1737 405
1738 386
1739 404
1740 382
1741 395
1742 390
1743 419
1744 394
1745 405
1746 420
1747 374
1748 400
1749 388
1750 410
1751 369
1752 380
1753 411
1754 395
1755 386
1756 392
1757 356
1758 420
1759 373
1760 379
1761 381
1762 408
1763 411
1764 380
1765 379
1766 415
1767 363
1768 394
1769 392
1770 388
1771 344
1772 377
1773 394
1774 364
1775 344
1776 339
1777 378
1778 366
1779 360
1780 367
1781 365
1782 370
1783 358
1784 379
1785 358
1786 348
1787 350
1788 386
1789 391
1790 352
1791 360
1792 354
1793 377
1794 372
1795 393
1796 369
1797 372
1798 362
1799 372
1800 356
1801 386
1802 352
1803 353
1804 346
1805 392
1806 370
1807 388
1808 362
1809 370
1810 355
1811 393
1812 384
1813 383
1814 378
1815 366
1816 376
1817 331
1818 371
1819 366
1820 383
1821 335
1822 374
1823 382
1824 358
1825 374
1826 328
1827 361
1828 355
1829 390
1830 370
1831 359
1832 398
1833 357
1834 369
1835 362
1836 378
1837 345
1838 367
1839 387
1840 370
1841 386
1842 365
1843 373
1844 364
1845 364
1846 369
1847 383
1848 367
1849 369
1850 402
1851 370
1852 361
1853 383
1854 373
1855 384
1856 359
1857 385
1858 367
1859 369
1860 367
1861 384
1862 356
1863 385
1864 343
1865 392
1866 352
1867 361
1868 356
1869 354
1870 349
1871 366
1872 341
1873 351
1874 361
1875 345
1876 337
1877 342
1878 356
1879 348
1880 353
1881 385
1882 358
1883 347
1884 366
1885 368
1886 353
1887 362
1888 379
1889 355
1890 397
1891 367
1892 343
1893 380
1894 346
1895 375
1896 350
1897 354
1898 383
1899 344
1900 337
1901 332
1902 382
1903 363
1904 374
1905 375
1906 362
1907 347
1908 371
1909 374
1910 380
1911 357
1912 364
1913 349
1914 369
1915 364
1916 355
1917 382
1918 358
1919 349
1920 352
1921 351
1922 350
1923 352
1924 363
1925 360
1926 329
1927 361
1928 359
1929 403
1930 360
1931 368
1932 360
1933 368
1934 366
1935 357
1936 390
1937 355
1938 348
1939 392
1940 351
1941 346
1942 365
1943 396
1944 344
1945 344
1946 368
1947 338
1948 376
1949 321
1950 323
1951 341
1952 354
1953 302
1954 352
1955 308
1956 326
1957 323
1958 313
1959 349
1960 351
1961 335
1962 325
1963 316
1964 326
1965 341
1966 317
1967 326
1968 307
1969 319
1970 330
1971 300
1972 332
1973 341
1974 357
1975 333
1976 332
1977 367
1978 307
1979 353
1980 343
1981 337
1982 329
1983 343
1984 322
1985 336
1986 310
1987 339
1988 338
1989 335
1990 327
1991 322
1992 317
1993 324
1994 323
1995 333
1996 309
1997 340
1998 310
1999 323
2000 332
2001 347
2002 330
2003 325
2004 347
2005 297
2006 324
2007 349
2008 326
2009 346
2010 340
2011 354
2012 311
2013 322
2014 347
2015 332
2016 331
2017 315
2018 323
2019 315
2020 316
2021 331
2022 334
2023 311
2024 333
2025 319
2026 339
2027 335
2028 315
2029 309
2030 341
2031 314
2032 355
2033 327
2034 341
2035 350
2036 345
2037 324
2038 332
2039 315
2040 344
2041 309
2042 343
2043 303
2044 310
2045 343
2046 316
2047 329
2048 335
2049 337
2050 312
2051 322
2052 341
2053 344
2054 310
2055 320
2056 345
2057 326
2058 340
2059 322
2060 349
2061 333
2062 331
2063 311
2064 339
2065 312
2066 327
2067 352
2068 319
2069 347
2070 352
2071 342
2072 321
2073 328
2074 361
2075 333
2076 334
2077 311
2078 336
2079 344
2080 324
2081 328
2082 326
2083 354
2084 355
2085 318
2086 310
2087 350
2088 334
2089 343
2090 306
2091 323
2092 311
2093 317
2094 301
2095 321
2096 337
2097 321
2098 326
2099 329
2100 341
2101 318
2102 330
2103 330
2104 319
2105 321
2106 331
2107 314
2108 305
2109 333
2110 349
2111 328
2112 339
2113 333
2114 316
2115 342
2116 339
2117 299
2118 330
2119 318
2120 299
2121 330
2122 305
2123 327
2124 380
2125 338
2126 338
2127 348
2128 341
2129 329
2130 322
2131 318
2132 313
2133 351
2134 336
2135 338
2136 332
2137 298
2138 335
2139 331
2140 344
2141 312
2142 282
2143 308
2144 328
2145 310
2146 314
2147 347
2148 321
2149 328
2150 331
2151 317
2152 334
2153 365
2154 320
2155 355
2156 298
2157 311
2158 356
2159 342
2160 314
2161 312
2162 318
2163 318
2164 319
2165 331
2166 305
2167 354
2168 329
2169 329
2170 336
2171 330
2172 324
2173 317
2174 316
2175 330
2176 352
2177 326
2178 340
2179 318
2180 319
2181 338
2182 338
2183 297
2184 346
2185 303
2186 308
2187 351
2188 318
2189 322
2190 330
2191 330
2192 332
2193 316
2194 334
2195 309
2196 302
2197 322
2198 348
2199 336
2200 318
2201 320
2202 333
2203 321
2204 308
2205 332
2206 316
2207 329
2208 322
2209 352
2210 318
2211 327
2212 325
2213 318
2214 315
2215 361
2216 345
2217 343
2218 351
2219 318
2220 310
2221 306
2222 339
2223 320
2224 328
2225 342
2226 327
2227 316
2228 325
2229 332
2230 324
2231 346
2232 323
2233 318
2234 333
2235 344
2236 329
2237 349
2238 318
2239 312
2240 333
2241 301
2242 337
2243 335
2244 325
2245 303
2246 344
2247 315
2248 350
2249 316
2250 346
2251 327
2252 323
2253 348
2254 338
2255 328
2256 323
2257 318
2258 320
2259 302
2260 340
2261 330
2262 345
2263 293
2264 312
2265 348
2266 332
2267 304
2268 337
2269 321
2270 336
2271 301
2272 331
2273 330
2274 314
2275 326
2276 308
2277 296
2278 316
2279 303
2280 356
2281 332
2282 337
2283 338
2284 349
2285 333
2286 325
2287 314
2288 334
2289 317
2290 334
2291 318
2292 320
2293 329
2294 318
2295 316
2296 335
2297 299
2298 340
2299 335
2300 314
2301 344
2302 318
2303 336
2304 329
2305 327
2306 326
2307 329
2308 324
2309 335
2310 346
2311 343
2312 308
2313 323
2314 342
2315 312
2316 307
2317 334
2318 340
2319 335
2320 342
2321 313
2322 327
2323 331
2324 319
2325 318
2326 315
2327 336
2328 313
2329 335
2330 335
2331 326
2332 305
2333 322
2334 311
2335 318
2336 356
2337 317
2338 342
2339 312
2340 347
2341 319
2342 321
2343 351
2344 339
2345 318
2346 361
2347 288
2348 331
2349 318
2350 285
2351 326
2352 325
2353 320
2354 314
2355 315
2356 316
2357 344
2358 334
2359 322
2360 321
2361 325
2362 326
2363 303
2364 326
2365 321
2366 322
2367 319
2368 340
2369 303
2370 336
2371 319
2372 335
2373 311
2374 347
2375 305
2376 318
2377 312
2378 305
2379 355
2380 321
2381 330
2382 316
2383 309
2384 314
2385 321
2386 347
2387 313
2388 338
2389 314
2390 334
2391 318
2392 319
2393 315
2394 319
2395 297
2396 334
2397 339
2398 331
2399 350
2400 321
2401 341
2402 322
2403 291
2404 367
2405 324
2406 349
2407 324
2408 335
2409 303
2410 341
2411 311
2412 326
2413 325
2414 320
2415 325
2416 335
2417 334
2418 328
2419 339
2420 320
2421 349
2422 322
2423 314
2424 366
2425 324
2426 346
2427 345
2428 324
2429 322
2430 320
2431 315
2432 347
2433 329
2434 310
2435 342
2436 332
2437 351
2438 325
2439 302
2440 334
2441 314
2442 325
2443 309
2444 311
2445 312
2446 308
2447 340
2448 302
2449 325
2450 349
2451 337
2452 330
2453 313
2454 327
2455 316
2456 331
2457 327
2458 321
2459 320
2460 354
2461 316
2462 324
2463 326
2464 328
2465 325
2466 334
2467 317
2468 310
2469 310
2470 325
2471 308
2472 342
2473 335
2474 312
2475 319
2476 301
2477 327
2478 339
2479 296
2480 320
2481 304
2482 309
2483 325
2484 339
2485 342
2486 320
2487 326
2488 324
2489 318
2490 321
2491 326
2492 343
2493 335
2494 347
2495 342
2496 340
2497 324
2498 324
2499 328
2500 323
2501 323
2502 322
2503 314
2504 295
2505 345
2506 323
2507 280
2508 345
2509 298
2510 323
2511 333
2512 312
2513 314
2514 311
2515 318
2516 338
2517 325
2518 332
2519 347
2520 338
2521 385
2522 333
2523 314
2524 365
2525 363
2526 356
2527 353
2528 359
2529 337
2530 368
2531 325
2532 342
2533 369
2534 356
2535 341
2536 344
2537 365
2538 354
2539 334
2540 356
2541 359
2542 333
2543 345
2544 348
2545 337
2546 353
2547 303
2548 328
2549 365
2550 369
2551 344
2552 330
2553 379
2554 347
2555 373
2556 352
2557 354
2558 350
2559 358
2560 375
2561 330
2562 365
2563 314
2564 345
2565 323
2566 364
2567 365
2568 342
2569 368
2570 322
2571 347
2572 333
2573 352
2574 344
2575 334
2576 332
2577 358
2578 348
2579 365
2580 322
2581 355
2582 346
2583 342
2584 326
2585 340
2586 337
2587 366
2588 339
2589 358
2590 323
2591 355
2592 371
2593 348
2594 357
2595 361
2596 339
2597 345
2598 318
2599 329
2600 332
2601 330
2602 337
2603 357
2604 358
2605 357
2606 346
2607 332
2608 328
2609 349
2610 348
2611 354
2612 356
2613 359
2614 356
2615 359
2616 325
2617 357
2618 337
2619 364
2620 359
2621 366
2622 352
2623 331
2624 330
2625 346
2626 338
2627 355
2628 328
2629 370
2630 339
2631 357
2632 362
2633 343
2634 355
2635 334
2636 350
2637 369
2638 335
2639 344
2640 371
2641 340
2642 381
2643 339
2644 360
2645 332
2646 351
2647 361
2648 350
2649 355
2650 325
2651 335
2652 351
2653 356
2654 332
2655 339
2656 358
2657 319
2658 349
2659 365
2660 321
2661 336
2662 345
2663 344
2664 357
2665 354
2666 338
2667 332
2668 334
2669 367
2670 371
2671 340
2672 334
2673 352
2674 364
2675 342
2676 330
2677 301
2678 339
2679 362
2680 355
2681 331
2682 325
2683 360
2684 344
2685 367
2686 348
2687 341
2688 354
2689 331
2690 330
2691 349
2692 356
2693 342
2694 332
2695 326
2696 352
2697 350
2698 339
2699 352
2700 317
2701 362
2702 348
2703 332
2704 326
2705 347
2706 342
2707 360
2708 335
2709 340
2710 296
2711 352
2712 341
2713 350
2714 322
2715 370
2716 349
2717 360
2718 327
2719 349
2720 365
2721 344
2722 353
2723 380
2724 345
2725 323
2726 354
2727 331
2728 348
2729 370
2730 354
2731 363
2732 350
2733 379
2734 331
2735 360
2736 346
2737 315
2738 352
2739 365
2740 352
2741 349
2742 335
2743 348
2744 362
2745 367
2746 335
2747 359
2748 327
2749 344
2750 325
2751 352
2752 354
2753 326
2754 338
2755 344
2756 368
2757 336
2758 332
2759 336
2760 333
2761 326
2762 363
2763 346
2764 346
2765 336
2766 344
2767 350
2768 364
2769 346
2770 341
2771 362
2772 356
2773 353
2774 355
2775 333
2776 352
2777 356
2778 357
2779 342
2780 351
2781 357
2782 347
2783 340
2784 350
2785 317
2786 363
2787 378
2788 331
2789 348
2790 343
2791 336
2792 341
2793 352
2794 337
2795 361
2796 333
2797 308
2798 335
2799 340
2800 338
2801 342
2802 329
2803 362
2804 352
2805 386
2806 338
2807 348
2808 348
2809 333
2810 361
2811 356
2812 371
2813 358
2814 343
2815 341
2816 345
2817 361
2818 351
2819 380
2820 370
2821 370
2822 345
2823 328
2824 364
2825 347
2826 347
2827 336
2828 326
2829 337
2830 350
2831 366
2832 335
2833 347
2834 354
2835 353
2836 339
2837 343
2838 343
2839 362
2840 353
2841 361
2842 358
2843 345
2844 359
2845 353
2846 318
2847 362
2848 326
2849 365
2850 321
2851 343
2852 349
2853 355
2854 349
2855 338
2856 346
2857 339
2858 353
2859 350
2860 317
2861 340
2862 341
2863 331
2864 356
2865 340
2866 346
2867 358
2868 344
2869 317
2870 365
2871 340
2872 330
2873 320
2874 342
2875 352
2876 351
2877 331
2878 337
2879 340
2880 337
2881 360
2882 346
2883 328
2884 357
2885 348
2886 340
2887 344
2888 354
2889 344
2890 345
2891 348
2892 369
2893 349
2894 352
2895 324
2896 368
2897 333
2898 353
2899 359
2900 353
2901 328
2902 342
2903 354
2904 349
2905 343
2906 325
2907 356
2908 368
2909 334
2910 351
2911 341
