# Per thousand episode average Return:
# No. of thousand episodes | Average Return
1 -902
2 -901
3 -926
4 -940
5 -921
6 -872
7 -926
8 -935
9 -932
10 -884
11 -921
12 -928
13 -921
14 -940
15 -884
16 -901
17 -885
18 -926
19 -908
20 -875
21 -914
22 -869
23 -931
24 -854
25 -872
26 -925
27 -917
28 -889
29 -884
30 -909
31 -931
32 -892
33 -911
34 -962
35 -873
36 -881
37 -889
38 -903
39 -883
40 -903
41 -884
42 -875
43 -949
44 -891
45 -956
46 -886
47 -903
48 -872
49 -878
50 -853
51 -877
52 -867
53 -901
54 -912
55 -828
56 -887
57 -879
58 -904
59 -843
60 -822
61 -833
62 -859
63 -826
64 -849
65 -880
66 -824
67 -804
68 -870
69 -862
70 -893
71 -832
72 -840
73 -849
74 -831
75 -811
76 -851
77 -881
78 -808
79 -869
80 -832
81 -842
82 -851
83 -904
84 -864
85 -854
86 -885
87 -833
88 -837
89 -849
90 -866
91 -869
92 -855
93 -827
94 -826
95 -876
96 -869
97 -827
98 -831
99 -830
100 -877
101 -854
102 -850
103 -802
104 -800
105 -839
106 -784
107 -836
108 -831
109 -807
110 -838
111 -819
112 -786
113 -789
114 -810
115 -790
116 -801
117 -865
118 -807
119 -843
120 -800
121 -839
122 -847
123 -813
124 -829
125 -782
126 -814
127 -787
128 -795
129 -830
130 -798
131 -805
132 -809
133 -801
134 -818
135 -818
136 -804
137 -820
138 -763
139 -846
140 -798
141 -799
142 -778
143 -834
144 -793
145 -754
146 -822
147 -801
148 -800
149 -790
150 -821
151 -790
152 -784
153 -768
154 -807
155 -807
156 -787
157 -765
158 -836
159 -786
160 -772
161 -806
162 -822
163 -796
164 -814
165 -803
166 -832
167 -759
168 -806
169 -731
170 -754
171 -799
172 -818
173 -809
174 -799
175 -798
176 -799
177 -760
178 -810
179 -795
180 -801
181 -821
182 -784
183 -803
184 -792
185 -799
186 -792
187 -811
188 -782
189 -789
190 -775
191 -790
192 -818
193 -756
194 -784
195 -769
196 -781
197 -792
198 -776
199 -805
200 -825
201 -807
202 -772
203 -784
204 -764
205 -777
206 -801
207 -793
208 -782
209 -800
210 -783
211 -833
212 -784
213 -778
214 -817
215 -778
216 -792
217 -754
218 -742
219 -817
220 -733
221 -784
222 -740
223 -797
224 -742
225 -831
226 -803
227 -753
228 -779
229 -722
230 -762
231 -748
232 -708
233 -762
234 -781
235 -750
236 -737
237 -775
238 -748
239 -751
240 -722
241 -801
242 -724
243 -717
244 -722
245 -737
246 -756
247 -730
248 -716
249 -770
250 -750
251 -777
252 -732
253 -745
254 -703
255 -785
256 -735
257 -708
258 -690
259 -706
260 -726
261 -714
262 -716
263 -718
264 -725
265 -729
266 -717
267 -715
268 -712
269 -716
270 -708
271 -723
272 -709
273 -694
274 -739
275 -720
276 -714
277 -677
278 -747
279 -711
280 -723
281 -739
282 -709
283 -720
284 -755
285 -730
286 -671
287 -720
288 -742
289 -720
290 -738
291 -716
292 -680
293 -737
294 -722
295 -741
296 -713
297 -697
298 -705
299 -705
300 -684
301 -691
302 -704
303 -721
304 -725
305 -714
306 -705
307 -712
308 -721
309 -682
310 -732
311 -711
312 -718
313 -694
314 -698
315 -703
316 -707
317 -707
318 -686
319 -714
320 -701
321 -718
322 -710
323 -723
324 -740
325 -697
326 -715
327 -700
328 -726
329 -715
330 -714
331 -723
332 -710
333 -678
334 -698
335 -730
336 -764
337 -697
338 -703
339 -691
340 -678
341 -685
342 -709
343 -669
344 -726
345 -739
346 -709
347 -713
348 -728
349 -706
350 -707
351 -722
352 -689
353 -762
354 -691
355 -722
356 -705
357 -711
358 -697
359 -718
360 -699
361 -703
362 -696
363 -740
364 -725
365 -738
366 -699
367 -641
368 -692
369 -682
370 -705
371 -725
372 -730
373 -695
374 -691
375 -724
376 -672
377 -692
378 -732
379 -715
380 -704
381 -696
382 -725
383 -702
384 -685
385 -705
386 -699
387 -675
388 -680
389 -680
390 -682
391 -659
392 -691
393 -669
394 -667
395 -706
396 -719
397 -694
398 -718
399 -666
400 -666
401 -715
402 -703
403 -698
404 -691
405 -671
406 -738
407 -703
408 -685
409 -684
410 -727
411 -721
412 -680
413 -675
414 -684
415 -723
416 -704
417 -677
418 -658
419 -714
420 -645
421 -636
422 -644
423 -676
424 -658
425 -661
426 -692
427 -689
428 -678
429 -670
430 -715
431 -658
432 -689
433 -688
434 -653
435 -676
436 -702
437 -711
438 -619
439 -685
440 -684
441 -676
442 -673
443 -662
444 -703
445 -698
446 -657
447 -692
448 -689
449 -660
450 -681
451 -702
452 -675
453 -646
454 -676
455 -644
456 -669
457 -674
458 -701
459 -717
460 -663
461 -662
462 -679
463 -632
464 -646
465 -662
466 -671
467 -659
468 -665
469 -677
470 -668
471 -712
472 -642
473 -668
474 -689
475 -605
476 -696
477 -679
478 -613
479 -668
480 -649
481 -648
482 -650
483 -715
484 -686
485 -669
486 -647
487 -642
488 -643
489 -660
490 -685
491 -607
492 -640
493 -699
494 -667
495 -646
496 -676
497 -685
498 -675
499 -672
500 -670
501 -643
502 -650
503 -675
504 -679
505 -647
506 -659
507 -674
508 -658
509 -650
510 -622
511 -671
512 -617
513 -673
514 -682
515 -627
516 -631
517 -682
518 -706
519 -621
520 -653
521 -640
522 -658
523 -695
524 -672
525 -651
526 -695
527 -633
528 -637
529 -655
530 -649
531 -635
532 -654
533 -660
534 -647
535 -646
536 -641
537 -649
538 -665
539 -669
540 -625
541 -658
542 -632
543 -632
544 -652
545 -680
546 -670
547 -659
548 -686
549 -643
550 -653
551 -690
552 -646
553 -637
554 -654
555 -635
556 -646
557 -674
558 -635
559 -654
560 -662
561 -619
562 -651
563 -673
564 -686
565 -652
566 -630
567 -648
568 -645
569 -655
570 -653
571 -604
572 -654
573 -648
574 -618
575 -635
576 -685
577 -659
578 -636
579 -672
580 -639
581 -665
582 -665
583 -625
584 -671
585 -669
586 -628
587 -632
588 -647
589 -658
590 -662
591 -652
592 -611
593 -643
594 -648
595 -654
596 -628
597 -692
598 -635
599 -668
600 -659
601 -650
602 -645
603 -656
604 -610
605 -625
606 -633
607 -642
608 -653
609 -637
610 -668
611 -656
612 -643
613 -639
614 -692
615 -683
616 -637
617 -691
618 -646
619 -669
620 -667
621 -675
622 -613
623 -639
624 -646
625 -649
626 -666
627 -638
628 -615
629 -666
630 -679
631 -632
632 -627
633 -642
634 -598
635 -651
636 -664
637 -675
638 -662
639 -667
640 -648
641 -658
642 -663
643 -687
644 -692
645 -641
646 -635
647 -636
648 -689
649 -660
650 -624
651 -672
652 -673
653 -654
654 -672
655 -647
656 -657
657 -672
658 -674
659 -664
660 -633
661 -637
662 -642
663 -624
664 -645
665 -677
666 -658
667 -640
668 -656
669 -675
670 -689
671 -665
672 -642
673 -693
674 -674
675 -666
676 -606
677 -682
678 -651
679 -646
680 -673
681 -646
682 -645
683 -621
684 -627
685 -593
686 -667
687 -648
688 -643
689 -633
690 -663
691 -654
692 -603
693 -646
694 -613
695 -666
696 -595
697 -655
698 -630
699 -645
700 -632
701 -590
702 -629
703 -645
704 -616
705 -671
706 -636
707 -637
708 -637
709 -649
710 -651
711 -690
712 -633
713 -662
714 -640
715 -616
716 -643
717 -644
718 -626
719 -603
720 -632
721 -622
722 -667
723 -614
724 -653
725 -658
726 -643
727 -642
728 -620
729 -600
730 -635
731 -617
732 -644
733 -620
734 -622
735 -638
736 -649
737 -657
738 -635
739 -618
740 -641
741 -611
742 -628
743 -645
744 -609
745 -651
746 -667
747 -652
748 -664
749 -616
750 -630
751 -612
752 -646
753 -637
754 -658
755 -651
756 -614
757 -592
758 -645
759 -645
760 -643
761 -641
762 -640
763 -642
764 -649
765 -629
766 -636
767 -640
768 -637
769 -648
770 -652
771 -608
772 -628
773 -638
774 -655
775 -669
776 -625
777 -628
778 -613
779 -686
780 -652
781 -623
782 -639
783 -670
784 -632
785 -620
786 -678
787 -603
788 -652
789 -617
790 -644
791 -619
792 -622
793 -628
794 -623
795 -638
796 -624
797 -658
798 -633
799 -654
800 -610
801 -623
802 -659
803 -662
804 -622
805 -635
806 -579
807 -665
808 -609
809 -621
810 -626
811 -591
812 -643
813 -634
814 -616
815 -618
816 -616
817 -611
818 -627
819 -653
820 -653
821 -678
822 -675
823 -604
824 -647
825 -602
826 -613
827 -652
828 -604
829 -609
830 -638
831 -621
832 -621
833 -651
834 -652
835 -598
836 -637
837 -605
838 -642
839 -609
840 -614
841 -617
842 -626
843 -606
844 -576
845 -594
846 -634
847 -658
848 -636
849 -599
850 -638
851 -645
852 -595
853 -643
854 -611
855 -634
856 -587
857 -586
858 -613
859 -642
860 -656
861 -644
862 -612
863 -622
864 -642
865 -648
866 -581
867 -630
868 -674
869 -638
870 -617
871 -656
872 -614
873 -604
874 -615
875 -605
876 -600
877 -662
878 -615
879 -600
880 -627
881 -627
882 -578
883 -588
884 -586
885 -619
886 -598
887 -583
888 -587
889 -623
890 -583
891 -634
892 -616
893 -626
894 -629
895 -622
896 -567
897 -628
898 -556
899 -607
900 -657
901 -642
902 -627
903 -591
904 -611
905 -616
906 -567
907 -628
908 -625
909 -590
910 -629
911 -617
912 -584
913 -584
914 -633
915 -626
916 -615
917 -607
918 -591
919 -618
920 -591
921 -638
922 -613
923 -598
924 -622
925 -599
926 -607
927 -641
928 -619
929 -579
930 -579
931 -629
932 -601
933 -590
934 -566
935 -638
936 -589
937 -585
938 -571
939 -605
940 -570
941 -607
942 -614
943 -574
944 -620
945 -614
946 -561
947 -560
948 -605
949 -606
950 -614
951 -584
952 -581
953 -582
954 -567
955 -614
956 -612
957 -634
958 -600
959 -563
960 -615
961 -591
962 -621
963 -657
964 -577
965 -585
966 -578
967 -592
968 -623
969 -612
970 -576
971 -617
972 -600
973 -636
974 -627
975 -608
976 -594
977 -636
978 -634
979 -614
980 -561
981 -611
982 -602
983 -586
984 -563
985 -627
986 -607
987 -619
988 -596
989 -589
990 -611
991 -588
992 -619
993 -612
994 -612
995 -626
996 -609
997 -615
998 -635
999 -614
1000 -577
1001 -598
1002 -612
1003 -605
1004 -618
1005 -627
1006 -621
1007 -623
1008 -605
1009 -625
1010 -605
1011 -626
1012 -620
1013 -629
1014 -558
1015 -610
1016 -585
1017 -624
1018 -600
1019 -625
1020 -616
1021 -587
1022 -613
1023 -611
1024 -634
1025 -609
1026 -614
1027 -594
1028 -587
1029 -577
1030 -625
1031 -597
1032 -607
1033 -665
1034 -597
1035 -592
1036 -609
1037 -569
1038 -565
1039 -566
1040 -597
1041 -590
1042 -646
1043 -587
1044 -593
1045 -602
1046 -603
1047 -585
1048 -597
1049 -619
1050 -595
1051 -602
1052 -587
1053 -588
1054 -596
1055 -604
1056 -569
1057 -586
1058 -612
1059 -570
1060 -631
1061 -573
1062 -571
1063 -538
1064 -579
1065 -603
1066 -593
1067 -619
1068 -579
1069 -565
1070 -612
1071 -595
1072 -582
1073 -618
1074 -587
1075 -558
1076 -600
1077 -593
1078 -585
1079 -566
1080 -580
1081 -587
1082 -580
1083 -565
1084 -560
1085 -603
1086 -597
1087 -588
1088 -602
1089 -581
1090 -631
1091 -562
1092 -585
1093 -579
1094 -606
1095 -587
1096 -593
1097 -547
1098 -557
1099 -578
1100 -629
1101 -570
1102 -582
1103 -560
1104 -616
1105 -569
1106 -590
1107 -571
1108 -567
1109 -579
1110 -599
1111 -564
1112 -584
1113 -634
1114 -550
1115 -595
1116 -601
1117 -594
1118 -611
1119 -589
1120 -564
1121 -556
1122 -598
1123 -584
1124 -590
1125 -607
1126 -592
1127 -586
1128 -584
1129 -577
1130 -602
1131 -616
1132 -608
1133 -592
1134 -587
1135 -602
1136 -610
1137 -566
1138 -583
1139 -592
1140 -585
1141 -526
1142 -585
1143 -601
1144 -591
1145 -596
1146 -617
1147 -633
1148 -620
1149 -621
1150 -578
1151 -627
1152 -616
1153 -560
1154 -597
1155 -591
1156 -578
1157 -613
1158 -582
1159 -590
1160 -615
1161 -579
1162 -599
1163 -609
1164 -577
1165 -569
1166 -611
1167 -586
1168 -611
1169 -576
1170 -558
1171 -566
1172 -602
1173 -563
1174 -608
1175 -611
1176 -640
1177 -612
1178 -615
1179 -599
1180 -594
1181 -617
1182 -592
1183 -601
1184 -572
1185 -593
1186 -600
1187 -603
1188 -568
1189 -585
1190 -581
1191 -614
1192 -578
1193 -599
1194 -614
1195 -601
1196 -586
1197 -596
1198 -565
1199 -565
1200 -596
1201 -590
1202 -596
1203 -609
1204 -561
1205 -603
1206 -590
1207 -580
1208 -630
1209 -576
1210 -555
1211 -581
1212 -598
1213 -595
1214 -605
1215 -583
1216 -591
1217 -558
1218 -611
1219 -584
1220 -605
1221 -584
1222 -584
1223 -613
1224 -595
1225 -608
1226 -614
1227 -608
1228 -575
1229 -592
1230 -645
1231 -591
1232 -604
1233 -569
1234 -599
1235 -581
1236 -564
1237 -571
1238 -583
1239 -582
1240 -601
1241 -573
1242 -616
1243 -583
1244 -591
1245 -602
1246 -562
1247 -596
1248 -583
1249 -577
1250 -567
1251 -598
1252 -632
1253 -577
1254 -584
1255 -541
1256 -573
1257 -596
1258 -567
1259 -584
1260 -579
1261 -571
1262 -605
1263 -561
1264 -610
1265 -583
1266 -597
1267 -616
1268 -573
1269 -577
1270 -620
1271 -614
1272 -608
1273 -607
1274 -602
1275 -615
1276 -554
1277 -585
1278 -578
1279 -573
1280 -586
1281 -564
1282 -577
1283 -608
1284 -631
1285 -613
1286 -563
1287 -592
1288 -558
1289 -572
1290 -589
1291 -542
1292 -576
1293 -611
1294 -593
1295 -568
1296 -574
1297 -594
1298 -558
1299 -587
1300 -584
1301 -539
1302 -561
1303 -592
1304 -592
1305 -622
1306 -592
1307 -606
1308 -571
1309 -602
1310 -586
1311 -581
1312 -584
1313 -534
1314 -588
1315 -598
1316 -605
1317 -591
1318 -577
1319 -582
1320 -577
1321 -545
1322 -608
1323 -607
1324 -605
1325 -582
1326 -540
1327 -581
1328 -579
1329 -571
1330 -574
1331 -588
1332 -588
1333 -582
1334 -553
1335 -564
1336 -571
1337 -566
1338 -536
1339 -609
1340 -580
1341 -591
1342 -567
1343 -585
1344 -546
1345 -564
1346 -545
1347 -565
1348 -568
1349 -575
1350 -570
1351 -551
1352 -570
1353 -561
1354 -588
1355 -563
1356 -641
1357 -588
1358 -597
1359 -563
1360 -581
1361 -578
1362 -564
1363 -575
1364 -577
1365 -550
1366 -569
1367 -577
1368 -563
1369 -555
1370 -545
1371 -561
1372 -572
1373 -570
1374 -543
1375 -555
1376 -564
1377 -610
1378 -565
1379 -616
1380 -588
1381 -597
1382 -571
1383 -563
1384 -580
1385 -571
1386 -574
1387 -579
1388 -548
1389 -539
1390 -569
1391 -578
1392 -546
1393 -569
1394 -578
1395 -569
1396 -539
1397 -571
1398 -592
1399 -559
1400 -605
1401 -563
1402 -581
1403 -594
1404 -576
1405 -561
1406 -576
1407 -574
1408 -579
1409 -562
1410 -580
1411 -591
1412 -591
1413 -584
1414 -565
1415 -561
1416 -568
1417 -575
1418 -572
1419 -632
1420 -559
1421 -562
1422 -574
1423 -579
1424 -537
1425 -560
1426 -536
1427 -581
1428 -541
1429 -546
1430 -585
1431 -580
1432 -570
1433 -550
1434 -546
1435 -575
1436 -542
1437 -588
1438 -581
1439 -565
1440 -562
1441 -574
1442 -557
1443 -582
1444 -586
1445 -584
1446 -584
1447 -573
1448 -536
1449 -595
1450 -566
1451 -595
1452 -573
1453 -595
1454 -513
1455 -578
1456 -594
1457 -594
1458 -589
1459 -566
1460 -572
1461 -578
1462 -551
1463 -580
1464 -575
1465 -575
1466 -549
1467 -561
1468 -591
1469 -539
1470 -591
1471 -564
1472 -586
1473 -531
1474 -548
1475 -598
1476 -587
1477 -564
1478 -591
1479 -544
1480 -551
1481 -596
1482 -597
1483 -589
1484 -602
1485 -563
1486 -583
1487 -590
1488 -620
1489 -602
1490 -629
1491 -569
1492 -577
1493 -575
1494 -568
1495 -549
1496 -599
1497 -538
1498 -616
1499 -605
1500 -574
1501 -570
1502 -588
1503 -567
1504 -599
1505 -580
1506 -581
1507 -583
1508 -575
1509 -584
1510 -598
1511 -594
1512 -604
1513 -549
1514 -580
1515 -569
1516 -553
1517 -553
1518 -555
1519 -563
1520 -584
1521 -571
1522 -579
1523 -574
1524 -594
1525 -611
1526 -584
1527 -574
1528 -575
1529 -592
1530 -572
1531 -568
1532 -592
1533 -550
1534 -577
1535 -573
1536 -590
1537 -566
1538 -585
1539 -571
1540 -560
1541 -583
1542 -592
1543 -562
1544 -583
1545 -588
1546 -529
1547 -585
1548 -528
1549 -575
1550 -556
1551 -589
1552 -575
1553 -565
1554 -586
1555 -569
1556 -570
1557 -557
1558 -575
1559 -559
1560 -589
1561 -581
1562 -585
1563 -569
1564 -564
1565 -564
1566 -580
1567 -549
1568 -600
1569 -597
1570 -552
1571 -550
1572 -627
1573 -570
1574 -541
1575 -575
1576 -545
1577 -538
1578 -523
1579 -561
1580 -574
1581 -552
1582 -579
1583 -606
1584 -543
1585 -563
1586 -559
1587 -557
1588 -592
1589 -555
1590 -551
1591 -601
1592 -587
1593 -549
1594 -548
1595 -604
1596 -587
1597 -580
1598 -574
1599 -557
1600 -579
1601 -563
1602 -571
1603 -584
1604 -583
1605 -542
1606 -550
1607 -583
1608 -588
1609 -543
1610 -515
1611 -528
1612 -551
1613 -573
1614 -563
1615 -564
1616 -544
1617 -544
1618 -569
1619 -537
1620 -575
1621 -565
1622 -534
1623 -562
1624 -559
1625 -539
1626 -553
1627 -526
1628 -577
1629 -553
1630 -557
1631 -569
1632 -581
1633 -576
1634 -527
1635 -568
1636 -540
1637 -585
1638 -555
1639 -528
1640 -549
1641 -566
1642 -568
1643 -562
1644 -521
1645 -546
1646 -513
1647 -556
1648 -528
1649 -528
1650 -552
1651 -562
1652 -524
1653 -571
1654 -552
1655 -544
1656 -536
1657 -536
1658 -523
1659 -528
1660 -544
1661 -555
1662 -568
1663 -551
1664 -562
1665 -564
1666 -545
1667 -558
1668 -555
1669 -543
1670 -541
1671 -549
1672 -498
1673 -510
1674 -549
1675 -559
1676 -530
1677 -514
1678 -526
1679 -543
1680 -583
1681 -548
1682 -552
1683 -564
1684 -538
1685 -547
1686 -566
1687 -534
1688 -552
1689 -543
1690 -574
1691 -545
1692 -590
1693 -543
1694 -537
1695 -536
1696 -547
1697 -555
1698 -519
1699 -534
1700 -528
1701 -552
1702 -532
1703 -534
1704 -559
1705 -569
1706 -527
1707 -515
1708 -525
1709 -542
1710 -538
1711 -568
1712 -532
1713 -557
1714 -512
1715 -544
1716 -512
1717 -585
1718 -573
1719 -530
1720 -610
1721 -558
1722 -523
1723 -551
1724 -560
1725 -545
1726 -534
1727 -580
1728 -550
1729 -533
1730 -521
1731 -530
1732 -518
1733 -514
1734 -587
1735 -549
1736 -540
1737 -547
1738 -539
1739 -546
1740 -534
1741 -537
1742 -518
1743 -497
1744 -506
1745 -530
1746 -507
1747 -537
1748 -539
1749 -535
1750 -507
1751 -544
1752 -528
1753 -507
1754 -551
1755 -542
1756 -525
1757 -517
1758 -530
1759 -519
1760 -561
1761 -523
1762 -524
1763 -530
1764 -543
1765 -541
1766 -545
1767 -516
1768 -536
1769 -534
1770 -501
1771 -530
1772 -565
1773 -546
1774 -524
1775 -553
1776 -525
1777 -561
1778 -560
1779 -545
1780 -553
1781 -523
1782 -532
1783 -542
1784 -558
1785 -515
1786 -563
1787 -566
1788 -535
1789 -534
1790 -554
1791 -544
1792 -546
1793 -560
1794 -542
1795 -527
1796 -553
1797 -541
1798 -529
1799 -505
1800 -502
1801 -523
1802 -510
1803 -505
1804 -504
1805 -549
1806 -553
1807 -537
1808 -554
1809 -526
1810 -536
1811 -536
1812 -524
1813 -542
1814 -563
1815 -513
1816 -551
1817 -550
1818 -540
1819 -594
1820 -561
1821 -536
1822 -527
1823 -533
1824 -546
1825 -548
1826 -517
1827 -518
1828 -543
1829 -521
1830 -516
1831 -499
1832 -495
1833 -552
1834 -534
1835 -534
1836 -545
1837 -537
1838 -545
1839 -518
1840 -536
1841 -538
1842 -493
1843 -488
1844 -512
1845 -541
1846 -527
1847 -500
1848 -547
1849 -522
1850 -501
1851 -510
1852 -503
1853 -510
1854 -502
1855 -514
1856 -551
1857 -532
1858 -534
1859 -512
1860 -520
1861 -522
1862 -526
1863 -523
1864 -506
1865 -535
1866 -513
1867 -508
1868 -500
1869 -507
1870 -533
1871 -511
1872 -493
1873 -500
1874 -495
1875 -497
1876 -526
1877 -542
1878 -539
1879 -493
1880 -470
1881 -534
1882 -498
1883 -514
1884 -488
1885 -536
1886 -526
1887 -511
1888 -521
1889 -532
1890 -521
1891 -480
1892 -505
1893 -506
1894 -539
1895 -500
1896 -511
1897 -529
1898 -503
1899 -519
1900 -483
1901 -509
1902 -518
1903 -522
1904 -477
1905 -485
1906 -510
1907 -504
1908 -509
1909 -525
1910 -513
1911 -489
1912 -508
1913 -515
1914 -487
1915 -486
1916 -515
1917 -526
1918 -542
1919 -517
1920 -501
1921 -490
1922 -520
1923 -507
1924 -489
1925 -488
1926 -482
1927 -523
1928 -466
1929 -521
1930 -518
1931 -493
1932 -526
1933 -545
1934 -544
1935 -552
1936 -518
1937 -515
1938 -513
1939 -493
1940 -519
1941 -500
1942 -484
1943 -501
1944 -512
1945 -559
1946 -516
1947 -526
1948 -508
1949 -473
1950 -499
1951 -513
1952 -501
1953 -508
1954 -496
1955 -529
1956 -529
1957 -510
1958 -511
1959 -523
1960 -496
1961 -514
1962 -523
1963 -523
1964 -518
1965 -518
1966 -512
1967 -532
1968 -529
1969 -496
1970 -528
1971 -535
1972 -504
1973 -527
1974 -496
1975 -529
1976 -512
1977 -498
1978 -518
1979 -508
1980 -521
1981 -546
1982 -544
1983 -486
1984 -510
1985 -554
1986 -492
1987 -531
1988 -514
1989 -549
1990 -527
1991 -535
1992 -507
1993 -531
1994 -545
1995 -542
1996 -500
1997 -530
1998 -538
1999 -520
2000 -500
2001 -534
2002 -539
2003 -527
2004 -524
2005 -536
2006 -517
2007 -527
2008 -525
2009 -508
2010 -534
2011 -525
2012 -513
2013 -510
2014 -548
2015 -505
2016 -526
2017 -524
2018 -518
2019 -542
2020 -515
2021 -513
2022 -524
2023 -496
2024 -532
2025 -508
2026 -513
2027 -559
2028 -517
2029 -547
2030 -505
2031 -513
2032 -515
2033 -492
2034 -516
2035 -522
2036 -542
2037 -566
2038 -529
2039 -514
2040 -504
2041 -523
2042 -507
2043 -518
2044 -523
2045 -510
2046 -544
2047 -501
2048 -526
2049 -540
2050 -519
2051 -523
2052 -525
2053 -574
2054 -539
2055 -525
2056 -536
2057 -557
2058 -521
2059 -501
2060 -534
2061 -509
2062 -542
2063 -510
2064 -549
2065 -523
2066 -539
2067 -532
2068 -531
2069 -512
2070 -500
2071 -500
2072 -509
2073 -519
2074 -526
2075 -502
2076 -540
2077 -513
2078 -504
2079 -492
2080 -521
2081 -513
2082 -499
2083 -496
2084 -504
2085 -518
2086 -539
2087 -537
2088 -539
2089 -495
2090 -493
2091 -501
2092 -515
2093 -530
2094 -539
2095 -506
2096 -539
2097 -501
2098 -524
2099 -516
2100 -518
2101 -540
2102 -523
2103 -502
2104 -507
2105 -558
2106 -493
2107 -531
2108 -517
2109 -513
2110 -515
2111 -495
2112 -493
2113 -516
2114 -551
2115 -504
2116 -526
2117 -501
2118 -544
2119 -504
2120 -493
2121 -552
2122 -509
2123 -520
2124 -546
2125 -516
2126 -529
2127 -489
2128 -527
2129 -526
2130 -519
2131 -508
2132 -503
2133 -496
2134 -515
2135 -491
2136 -516
2137 -534
2138 -522
2139 -500
2140 -493
2141 -481
2142 -515
2143 -510
2144 -493
2145 -487
2146 -480
2147 -525
2148 -510
2149 -521
2150 -533
2151 -521
2152 -543
2153 -486
2154 -531
2155 -544
2156 -498
2157 -488
2158 -542
2159 -508
2160 -534
2161 -508
2162 -548
2163 -511
2164 -532
2165 -537
2166 -528
2167 -516
2168 -544
2169 -479
2170 -508
2171 -520
2172 -506
2173 -550
2174 -523
2175 -535
2176 -529
2177 -475
2178 -504
2179 -552
2180 -527
2181 -512
2182 -539
2183 -485
2184 -552
2185 -530
2186 -525
2187 -528
2188 -489
2189 -505
2190 -526
2191 -528
2192 -522
2193 -544
2194 -532
2195 -517
2196 -530
2197 -554
2198 -497
2199 -508
2200 -546
2201 -528
2202 -529
2203 -505
2204 -501
2205 -487
2206 -502
2207 -557
2208 -498
2209 -513
2210 -508
2211 -536
2212 -516
2213 -508
2214 -546
2215 -523
2216 -530
2217 -503
2218 -527
2219 -510
2220 -533
2221 -475
2222 -523
2223 -541
2224 -543
2225 -527
2226 -524
2227 -514
2228 -521
2229 -509
2230 -504
2231 -518
2232 -527
2233 -506
2234 -523
2235 -508
2236 -516
2237 -505
2238 -514
2239 -522
2240 -501
2241 -505
2242 -533
2243 -521
2244 -526
2245 -462
2246 -508
2247 -514
2248 -524
2249 -541
2250 -524
2251 -520
2252 -526
2253 -536
2254 -501
2255 -510
2256 -508
2257 -548
2258 -537
2259 -539
2260 -527
2261 -524
2262 -535
2263 -514
2264 -510
2265 -526
2266 -556
2267 -516
2268 -524
2269 -507
2270 -536
2271 -521
2272 -539
2273 -525
2274 -478
2275 -500
2276 -509
2277 -478
2278 -485
2279 -517
2280 -505
2281 -520
2282 -516
2283 -520
2284 -534
2285 -491
2286 -519
2287 -532
2288 -532
2289 -547
2290 -528
2291 -536
2292 -502
2293 -496
2294 -496
2295 -504
2296 -534
2297 -512
2298 -491
2299 -501
2300 -527
2301 -514
2302 -474
2303 -494
2304 -510
2305 -481
2306 -481
2307 -484
2308 -524
2309 -536
2310 -516
2311 -515
2312 -480
2313 -479
2314 -499
2315 -513
2316 -511
2317 -508
2318 -509
2319 -504
2320 -482
2321 -522
2322 -500
2323 -504
2324 -498
2325 -480
2326 -488
2327 -504
2328 -516
2329 -493
2330 -467
2331 -495
2332 -496
2333 -507
2334 -512
2335 -495
2336 -478
2337 -526
2338 -485
2339 -480
2340 -503
2341 -524
2342 -481
2343 -523
2344 -515
2345 -511
2346 -489
2347 -526
2348 -496
2349 -484
2350 -508
2351 -489
2352 -479
2353 -507
2354 -521
2355 -504
2356 -482
2357 -491
2358 -500
2359 -459
2360 -516
2361 -493
2362 -497
2363 -522
2364 -482
2365 -474
2366 -524
2367 -493
2368 -479
2369 -458
2370 -490
2371 -505
2372 -485
2373 -490
2374 -504
2375 -497
2376 -501
2377 -484
2378 -472
2379 -518
2380 -479
2381 -483
2382 -508
2383 -499
2384 -489
2385 -551
2386 -482
2387 -511
2388 -506
2389 -525
2390 -527
2391 -484
2392 -505
2393 -477
2394 -485
2395 -516
2396 -486
2397 -490
2398 -528
2399 -496
2400 -486
2401 -489
2402 -488
2403 -510
2404 -489
2405 -476
2406 -522
2407 -507
2408 -492
2409 -497
2410 -507
2411 -491
2412 -492
2413 -523
2414 -533
2415 -496
2416 -508
2417 -485
2418 -490
2419 -490
2420 -499
2421 -518
2422 -521
2423 -500
2424 -509
2425 -510
2426 -493
2427 -499
2428 -484
2429 -479
2430 -497
2431 -499
2432 -505
2433 -471
2434 -519
2435 -480
2436 -493
2437 -495
2438 -505
2439 -499
2440 -490
2441 -469
2442 -496
2443 -458
2444 -492
2445 -510
2446 -492
2447 -481
2448 -503
2449 -464
2450 -487
2451 -500
2452 -511
2453 -484
2454 -472
2455 -471
2456 -517
2457 -496
2458 -473
2459 -441
2460 -490
2461 -481
2462 -456
2463 -494
2464 -460
2465 -497
2466 -503
2467 -479
2468 -491
2469 -504
2470 -489
2471 -517
2472 -460
2473 -488
2474 -518
2475 -466
2476 -524
2477 -487
2478 -508
2479 -508
2480 -486
2481 -482
2482 -538
2483 -478
2484 -465
2485 -478
2486 -509
2487 -507
2488 -483
2489 -460
2490 -489
2491 -474
2492 -494
2493 -480
2494 -476
2495 -489
2496 -476
2497 -475
2498 -500
2499 -446
2500 -487
2501 -479
2502 -494
2503 -478
2504 -461
2505 -482
2506 -489
2507 -510
2508 -472
2509 -481
2510 -482
2511 -499
2512 -491
2513 -470
2514 -488
2515 -474
2516 -502
2517 -463
2518 -473
2519 -474
2520 -495
2521 -460
2522 -491
2523 -484
2524 -485
2525 -474
2526 -461
2527 -493
2528 -483
2529 -476
2530 -491
2531 -507
2532 -475
2533 -459
2534 -495
2535 -517
2536 -468
2537 -486
2538 -486
2539 -497
2540 -494
2541 -526
2542 -481
2543 -475
2544 -461
2545 -492
2546 -491
2547 -490
2548 -468
2549 -496
2550 -475
2551 -508
2552 -513
2553 -469
2554 -510
2555 -489
2556 -493
2557 -488
2558 -466
2559 -488
2560 -486
2561 -474
2562 -483
2563 -478
2564 -499
2565 -514
2566 -524
2567 -479
2568 -472
2569 -453
2570 -531
2571 -457
2572 -459
2573 -429
2574 -462
2575 -501
2576 -477
2577 -488
2578 -500
2579 -503
2580 -463
2581 -466
2582 -491
2583 -476
2584 -494
2585 -478
2586 -478
2587 -511
2588 -459
2589 -516
2590 -483
2591 -464
2592 -496
2593 -454
2594 -466
2595 -492
2596 -498
2597 -494
2598 -472
2599 -476
2600 -463
2601 -483
2602 -476
2603 -493
2604 -470
2605 -500
2606 -521
2607 -472
2608 -504
2609 -484
2610 -472
2611 -475
2612 -493
2613 -510
2614 -450
2615 -496
2616 -503
2617 -488
2618 -461
2619 -497
2620 -508
2621 -481
2622 -478
2623 -441
2624 -448
2625 -491
2626 -487
2627 -503
2628 -475
2629 -450
2630 -486
2631 -486
2632 -443
2633 -460
2634 -478
2635 -499
2636 -462
2637 -492
2638 -498
2639 -502
2640 -483
2641 -435
2642 -486
2643 -479
2644 -482
2645 -486
2646 -501
2647 -480
2648 -505
2649 -457
2650 -467
2651 -485
2652 -476
2653 -479
2654 -497
2655 -516
2656 -462
2657 -501
2658 -500
2659 -505
2660 -525
2661 -501
2662 -453
2663 -429
2664 -467
2665 -480
2666 -462
2667 -461
2668 -475
2669 -467
2670 -464
2671 -493
2672 -471
2673 -485
2674 -459
2675 -504
2676 -478
2677 -513
2678 -504
2679 -507
2680 -496
2681 -461
2682 -514
2683 -491
2684 -498
2685 -475
2686 -474
2687 -480
2688 -511
2689 -466
2690 -506
2691 -482
2692 -518
2693 -491
2694 -469
2695 -479
2696 -494
2697 -502
2698 -479
2699 -466
2700 -477
2701 -449
2702 -488
2703 -466
2704 -495
2705 -516
2706 -491
2707 -497
2708 -477
2709 -478
2710 -457
2711 -519
2712 -476
2713 -467
2714 -500
2715 -488
2716 -480
2717 -485
2718 -480
2719 -467
2720 -471
2721 -450
2722 -482
2723 -494
2724 -506
2725 -497
2726 -482
2727 -479
2728 -485
2729 -489
2730 -465
2731 -523
2732 -484
2733 -493
2734 -491
2735 -495
2736 -508
2737 -466
2738 -476
2739 -505
2740 -483
2741 -480
2742 -453
2743 -513
2744 -492
2745 -490
2746 -472
2747 -488
2748 -489
2749 -479
2750 -489
2751 -469
2752 -476
2753 -478
2754 -467
2755 -486
2756 -505
2757 -493
2758 -471
2759 -497
2760 -480
2761 -493
2762 -467
2763 -492
2764 -470
2765 -482
2766 -493
2767 -512
2768 -463
2769 -468
2770 -485
2771 -486
2772 -454
2773 -475
2774 -484
2775 -501
2776 -508
2777 -488
2778 -506
2779 -490
2780 -474
2781 -492
2782 -480
2783 -489
2784 -481
2785 -486
2786 -480
2787 -473
2788 -491
2789 -460
2790 -462
2791 -480
2792 -485
2793 -495
2794 -494
2795 -475
2796 -484
2797 -489
2798 -457
2799 -495
2800 -486
2801 -518
2802 -484
2803 -478
2804 -470
2805 -478
2806 -500
2807 -486
2808 -470
2809 -504
2810 -472
2811 -476
2812 -474
2813 -474
2814 -470
2815 -483
2816 -470
2817 -474
2818 -465
2819 -531
2820 -502
2821 -466
2822 -477
2823 -432
2824 -482
2825 -483
2826 -457
2827 -479
2828 -455
2829 -508
2830 -458
2831 -481
2832 -500
2833 -498
2834 -504
2835 -501
2836 -480
2837 -488
2838 -470
2839 -492
2840 -482
2841 -502
2842 -466
2843 -483
2844 -515
2845 -498
2846 -509
2847 -489
2848 -508
2849 -483
2850 -486
2851 -469
2852 -477
2853 -513
2854 -476
2855 -489
2856 -497
2857 -498
2858 -516
2859 -470
2860 -446
2861 -503
2862 -502
2863 -474
2864 -481
2865 -473
2866 -457
2867 -427
2868 -505
2869 -507
2870 -516
2871 -481
2872 -490
2873 -481
2874 -480
2875 -471
2876 -461
2877 -466
2878 -469
2879 -516
2880 -510
2881 -449
2882 -459
2883 -488
2884 -475
2885 -491
2886 -496
2887 -487
2888 -496
2889 -524
2890 -502
2891 -502
2892 -486
2893 -503
2894 -492
2895 -497
2896 -486
2897 -485
2898 -495
2899 -487
2900 -450
2901 -501
2902 -486
2903 -483
2904 -412
2905 -476
2906 -492
2907 -466
2908 -472
2909 -450
2910 -481
2911 -455
2912 -462
2913 -483
2914 -502
2915 -470
2916 -520
2917 -474
2918 -491
2919 -492
2920 -482
2921 -475
2922 -464
2923 -473
2924 -481
2925 -477
2926 -465
2927 -467
2928 -453
2929 -482
2930 -477
2931 -506
2932 -483
2933 -472
2934 -429
2935 -453
2936 -465
2937 -498
2938 -475
2939 -462
2940 -475
2941 -471
2942 -472
2943 -492
2944 -500
2945 -500
2946 -475
2947 -501
2948 -470
2949 -485
2950 -498
2951 -461
2952 -474
2953 -493
2954 -482
2955 -482
2956 -476
2957 -450
2958 -448
2959 -505
2960 -456
2961 -492
2962 -456
2963 -486
2964 -476
2965 -461
2966 -464
2967 -485
2968 -497
2969 -502
2970 -464
2971 -507
2972 -471
2973 -488
2974 -499
2975 -457
2976 -459
2977 -466
2978 -441
2979 -460
2980 -460
2981 -474
2982 -473
2983 -450
2984 -447
2985 -517
2986 -499
2987 -498
2988 -445
2989 -467
2990 -455
2991 -483
2992 -488
2993 -474
2994 -479
2995 -487
2996 -500
2997 -485
2998 -468
2999 -468
3000 -469
3001 -482
3002 -463
3003 -456
3004 -482
3005 -449
3006 -465
3007 -469
3008 -489
3009 -463
3010 -496
3011 -465
3012 -454
3013 -489
3014 -500
3015 -480
3016 -474
3017 -460
3018 -464
3019 -452
3020 -483
3021 -487
3022 -454
3023 -478
3024 -489
3025 -476
3026 -475
3027 -492
3028 -489
3029 -477
3030 -476
3031 -484
3032 -480
3033 -451
3034 -482
3035 -493
3036 -498
3037 -471
3038 -472
3039 -524
3040 -465
3041 -472
3042 -463
3043 -493
3044 -472
3045 -463
3046 -482
3047 -484
3048 -464
3049 -471
3050 -529
3051 -489
3052 -443
3053 -504
3054 -514
3055 -473
3056 -478
3057 -513
3058 -503
3059 -493
3060 -500
3061 -472
3062 -514
3063 -456
3064 -467
3065 -515
3066 -438
3067 -521
3068 -492
3069 -445
3070 -484
3071 -449
3072 -485
3073 -453
3074 -477
3075 -491
3076 -464
3077 -494
3078 -488
3079 -450
3080 -502
3081 -487
3082 -501
3083 -463
3084 -518
3085 -466
3086 -488
3087 -481
3088 -464
3089 -474
3090 -476
3091 -490
3092 -462
3093 -465
3094 -497
3095 -466
3096 -460
3097 -460
3098 -492
3099 -450
3100 -450
3101 -441
3102 -451
3103 -454
3104 -431
3105 -503
3106 -492
3107 -470
3108 -486
3109 -484
3110 -458
3111 -490
3112 -480
3113 -499
3114 -469
3115 -505
3116 -475
3117 -501
3118 -500
3119 -483
3120 -488
3121 -496
3122 -499
3123 -452
3124 -480
3125 -476
3126 -478
3127 -472
3128 -511
3129 -491
3130 -466
3131 -510
3132 -464
3133 -478
3134 -474
3135 -461
3136 -453
3137 -469
3138 -470
3139 -454
3140 -482
3141 -499
3142 -464
3143 -491
3144 -460
3145 -470
3146 -485
3147 -473
3148 -449
3149 -464
3150 -455
3151 -491
3152 -471
3153 -485
3154 -489
3155 -448
3156 -499
3157 -457
3158 -478
3159 -450
3160 -472
3161 -452
3162 -448
3163 -486
3164 -448
3165 -470
3166 -478
3167 -501
3168 -479
3169 -469
3170 -457
3171 -440
3172 -471
3173 -445
3174 -462
3175 -459
3176 -469
3177 -478
3178 -488
3179 -463
3180 -477
3181 -452
3182 -474
3183 -499
3184 -485
3185 -476
3186 -476
3187 -442
3188 -485
3189 -484
3190 -485
3191 -458
3192 -465
3193 -465
3194 -479
3195 -473
3196 -461
3197 -485
3198 -469
3199 -454
3200 -451
3201 -478
3202 -470
3203 -489
3204 -457
3205 -492
3206 -451
3207 -474
3208 -443
3209 -522
3210 -484
3211 -462
3212 -495
3213 -479
3214 -474
3215 -466
3216 -477
3217 -479
3218 -448
3219 -476
3220 -467
3221 -492
3222 -440
3223 -461
3224 -468
3225 -461
3226 -427
3227 -456
3228 -472
3229 -427
3230 -462
3231 -487
3232 -463
3233 -459
3234 -419
3235 -456
3236 -441
3237 -453
3238 -429
3239 -415
3240 -435
3241 -444
3242 -448
3243 -434
3244 -467
3245 -469
3246 -466
3247 -437
3248 -470
3249 -448
3250 -438
3251 -462
3252 -435
3253 -498
3254 -451
3255 -462
3256 -430
3257 -462
3258 -421
3259 -476
3260 -446
3261 -451
3262 -466
3263 -460
3264 -436
3265 -459
3266 -424
3267 -444
3268 -432
3269 -467
3270 -464
3271 -456
3272 -429
3273 -426
3274 -470
3275 -429
3276 -436
3277 -480
3278 -439
3279 -415
3280 -441
3281 -469
3282 -462
3283 -454
3284 -431
3285 -461
3286 -428
3287 -432
3288 -465
3289 -437
3290 -449
3291 -460
3292 -458
3293 -466
3294 -458
3295 -470
3296 -466
3297 -436
3298 -446
3299 -453
3300 -443
3301 -451
3302 -430
3303 -461
3304 -386
3305 -424
3306 -372
3307 -420
3308 -408
3309 -401
3310 -396
3311 -400
3312 -416
3313 -376
3314 -403
3315 -384
3316 -418
3317 -437
3318 -422
3319 -402
3320 -385
3321 -381
3322 -368
3323 -398
3324 -403
3325 -425
3326 -398
3327 -381
3328 -408
3329 -413
3330 -404
3331 -398
3332 -368
3333 -420
3334 -382
3335 -396
3336 -393
3337 -402
3338 -391
3339 -402
3340 -425
3341 -416
3342 -386
3343 -395
3344 -409
3345 -412
3346 -414
3347 -424
3348 -464
3349 -435
3350 -390
3351 -399
3352 -434
3353 -383
3354 -395
3355 -416
3356 -405
3357 -413
3358 -405
3359 -398
3360 -405
3361 -397
3362 -417
3363 -402
3364 -409
3365 -392
3366 -412
3367 -395
3368 -369
3369 -404
3370 -407
3371 -402
3372 -369
3373 -400
3374 -404
3375 -394
3376 -395
3377 -364
3378 -392
3379 -433
3380 -386
3381 -391
3382 -372
3383 -395
3384 -407
3385 -407
3386 -397
3387 -379
3388 -411
3389 -396
3390 -412
3391 -425
3392 -403
3393 -394
3394 -370
3395 -369
3396 -365
3397 -378
3398 -403
3399 -395
3400 -426
3401 -423
3402 -397
3403 -398
3404 -394
3405 -403
3406 -398
3407 -406
3408 -414
3409 -407
3410 -397
3411 -400
3412 -397
3413 -412
3414 -375
3415 -383
3416 -399
3417 -405
3418 -386
3419 -420
3420 -396
3421 -397
3422 -396
3423 -391
3424 -404
3425 -405
3426 -414
3427 -402
3428 -381
3429 -398
3430 -420
3431 -405
3432 -412
3433 -401
3434 -425
3435 -403
3436 -397
3437 -433
3438 -422
3439 -403
3440 -390
3441 -377
3442 -373
3443 -406
3444 -401
3445 -387
3446 -409
3447 -405
3448 -405
3449 -393
3450 -396
3451 -397
3452 -410
3453 -383
3454 -418
3455 -398
3456 -407
3457 -375
3458 -389
3459 -388
3460 -413
3461 -414
3462 -435
3463 -397
3464 -367
3465 -417
3466 -421
3467 -401
3468 -410
3469 -410
3470 -410
3471 -415
3472 -407
3473 -381
3474 -397
3475 -404
3476 -379
3477 -399
3478 -398
3479 -375
3480 -431
3481 -372
3482 -381
3483 -425
3484 -419
3485 -396
3486 -392
3487 -377
3488 -405
3489 -417
3490 -369
3491 -386
3492 -374
3493 -398
3494 -404
3495 -407
3496 -410
3497 -412
3498 -411
3499 -410
3500 -375
3501 -390
3502 -398
3503 -404
3504 -379
3505 -404
3506 -419
3507 -382
3508 -400
3509 -421
3510 -406
3511 -415
3512 -409
3513 -397
3514 -401
3515 -420
3516 -395
3517 -380
3518 -393
3519 -393
3520 -374
3521 -401
3522 -395
3523 -397
3524 -424
3525 -379
3526 -419
3527 -416
3528 -390
3529 -411
3530 -405
3531 -418
3532 -389
3533 -375
3534 -372
3535 -425
3536 -406
3537 -382
3538 -375
3539 -416
3540 -401
3541 -390
3542 -372
3543 -433
3544 -400
3545 -405
3546 -399
3547 -400
3548 -384
3549 -401
3550 -406
3551 -388
3552 -381
3553 -409
3554 -378
3555 -395
3556 -421
3557 -436
3558 -402
3559 -432
3560 -415
3561 -411
3562 -416
3563 -401
3564 -374
3565 -402
3566 -392
3567 -392
3568 -374
3569 -403
3570 -444
3571 -379
3572 -396
3573 -378
3574 -375
3575 -432
3576 -403
3577 -421
3578 -419
3579 -407
3580 -387
3581 -404
3582 -397
3583 -413
3584 -413
3585 -391
3586 -434
3587 -385
3588 -429
3589 -397
3590 -405
3591 -404
3592 -434
3593 -421
3594 -401
3595 -369
3596 -387
3597 -379
3598 -393
3599 -387
3600 -419
3601 -423
3602 -404
3603 -402
3604 -443
3605 -392
3606 -426
3607 -400
3608 -394
3609 -403
3610 -395
3611 -372
3612 -386
3613 -371
3614 -395
3615 -403
3616 -410
3617 -434
3618 -406
3619 -424
3620 -383
3621 -417
3622 -371
3623 -405
3624 -420
3625 -411
3626 -392
3627 -418
3628 -387
3629 -405
3630 -402
3631 -418
3632 -396
3633 -404
3634 -390
3635 -424
3636 -414
3637 -389
3638 -364
3639 -375
3640 -380
3641 -414
3642 -389
3643 -413
3644 -403
3645 -374
3646 -403
3647 -415
3648 -356
3649 -397
3650 -395
3651 -392
3652 -416
3653 -417
3654 -393
3655 -407
3656 -406
3657 -402
3658 -402
3659 -402
3660 -414
3661 -385
3662 -369
3663 -407
3664 -411
3665 -372
3666 -391
3667 -371
3668 -397
3669 -398
3670 -415
3671 -400
3672 -382
3673 -367
3674 -395
3675 -422
3676 -403
3677 -408
3678 -394
3679 -352
3680 -398
3681 -392
3682 -390
3683 -396
3684 -375
3685 -387
3686 -386
3687 -424
3688 -410
3689 -368
3690 -358
3691 -393
3692 -382
3693 -398
3694 -401
3695 -391
3696 -384
3697 -361
3698 -355
3699 -376
3700 -363
3701 -369
3702 -343
3703 -364
3704 -373
3705 -332
3706 -371
3707 -346
3708 -357
3709 -357
3710 -372
3711 -386
3712 -374
3713 -334
3714 -367
3715 -386
3716 -371
3717 -365
3718 -394
3719 -383
3720 -386
3721 -354
3722 -354
3723 -377
3724 -389
3725 -382
3726 -349
3727 -383
3728 -368
3729 -399
3730 -361
3731 -387
3732 -371
3733 -394
3734 -380
3735 -366
3736 -367
3737 -418
3738 -398
3739 -376
3740 -366
3741 -354
3742 -386
3743 -371
3744 -392
3745 -344
3746 -389
3747 -364
3748 -345
3749 -395
